1 [2, 3, 5, 8]
2 [3, 4, 6, 8]
3 [1]
4 [3]
5 [8]
6 [3, 6, 8, 10]
7 [7]
8 [9]
9 [3]
10 [3, 4]
11 [10]
12 [1, 3, 6]
13 [3, 9]
14 [3, 5, 10]
15 [3, 9]
16 [2, 9]
17 [9]
18 [6]
19 []
20 [4, 10]
21 [4]
22 []
23 [2, 10]
24 [2, 4, 7]
25 [6, 9]
26 [5, 8]
27 [2, 4, 5, 6]
28 [8]
29 [4]
30 [2]
31 [3, 4]
32 [2, 3]
33 [3, 7]
34 [3, 7]
35 [1, 5]
36 [2, 3, 6, 8]
37 [1, 9]
38 [8, 9]
39 []
40 []
41 [1, 5, 8, 10]
42 []
43 [4, 9]
44 [1, 4, 7, 9, 10]
45 [1, 7, 9]
46 []
47 [2, 3, 4, 7]
48 [2]
49 [6, 8, 10]
50 [2, 3, 10]
51 [2, 5]
52 [3, 10]
53 [8, 9]
54 [7, 8]
55 [2, 4]
56 [2]
57 [4]
58 [6, 10]
59 []
60 [3, 6]
61 [2, 3, 5]
62 [5, 9, 10]
63 [2, 3, 5]
64 [1, 8]
65 [2, 8]
66 [1, 8, 10]
67 [1, 4]
68 [4, 6, 10]
69 [9]
70 [7]
71 []
72 [3]
73 [1, 2, 3, 4, 6, 10]
74 [1, 4, 5, 6, 8]
75 [4, 5, 8]
76 [4, 6, 10]
77 [3, 4, 5, 6, 10]
78 [5, 7, 9]
79 [1, 3, 4]
80 [1, 2, 6]
81 [2, 4, 9]
82 [1, 2, 7]
83 [7]
84 [7]
85 [2, 3, 10]
86 [2, 3, 6]
87 [3, 9]
88 [3, 8]
89 [4, 8, 9, 10]
90 [3, 7]
91 [4, 7]
92 [4, 8, 10]
93 [7, 8, 10]
94 [1, 7]
95 [1, 7]
96 [4, 8]
97 [1, 3, 7]
98 [2]
99 [1, 2, 4, 6]
100 [2, 4, 5]
101 []
102 [1, 8]
103 [1, 4]
104 [2]
105 [6]
106 [7]
107 [5, 7]
108 [5, 6]
109 [3]
110 [6]
111 [1]
112 [1, 2, 7, 9]
113 [9]
114 [1, 2, 4, 8]
115 [1, 5]
116 [3, 10]
117 [6]
118 [3]
119 [1, 3, 8]
120 [1]
121 [7, 10]
122 [7, 10]
123 [1, 3, 6, 7]
124 []
125 [1, 8, 9]
126 [4]
127 [5]
128 [2, 3, 5]
129 [1, 4, 5]
130 [4, 8]
131 [8]
132 [1, 2]
133 [2, 5, 8]
134 [7, 8, 9]
135 [1, 2, 4, 8, 10]
136 [9]
137 [1, 4, 5, 9]
138 [5, 10]
139 [1, 4, 7, 8]
140 [8, 10]
141 [8]
142 []
143 [3, 5, 8, 10]
144 [3]
145 [5, 6]
146 [3, 5]
147 [3, 8]
148 [4, 6, 9]
149 [9, 10]
150 [4, 6, 8]
151 [1, 6, 9, 10]
152 [2, 8, 9]
153 [1, 8]
154 [4, 6, 7, 8]
155 [6, 7]
156 [1, 8]
157 [3, 8]
158 [2, 4, 5, 6, 7]
159 [6]
160 [5, 6]
161 [2, 9]
162 [4, 9]
163 [3, 4, 9]
164 [3, 4, 6, 9, 10]
165 [9]
166 [3, 5, 8]
167 [4, 5, 6]
168 [3, 8]
169 [5, 6, 8]
170 [4, 5]
171 [4, 8]
172 [1, 4, 5, 8]
173 [4]
174 [9]
175 [10]
176 []
177 [3, 10]
178 [4, 6, 10]
179 [9]
180 [5]
181 [1, 3]
182 [3]
183 [4, 7]
184 [1, 4, 7, 10]
185 [8]
186 [5]
187 [3, 7]
188 [3]
189 [6]
190 [3, 6, 7, 9]
191 [2, 5, 9]
192 [1, 6, 7]
193 [9]
194 [5, 6, 7, 8]
195 [4]
196 [1, 6]
197 [3, 10]
198 [3, 4, 5, 8]
199 [4, 7, 8]
200 [6, 8, 9]
201 [2, 8]
202 [1]
203 [2, 6, 7, 9]
204 [2, 5, 8]
205 [10]
206 [2, 6, 10]
207 []
208 [1, 3, 4, 10]
209 [8, 9, 10]
210 [1, 4, 8]
211 [1, 9]
212 [1]
213 [4, 7, 8]
214 [4, 6, 8]
215 [6]
216 [3, 5, 6]
217 [6, 8]
218 [2, 3, 4, 6]
219 [2, 7]
220 [3, 4]
221 [3, 7, 10]
222 [6]
223 [10]
224 [2, 3]
225 [1, 2, 3]
226 [2, 3, 4, 5]
227 [1, 4, 6]
228 [6]
229 []
230 [10]
231 [7, 8, 10]
232 [8]
233 [8]
234 []
235 [3]
236 [7, 9]
237 [7, 9]
238 [2, 7, 8]
239 []
240 [2, 5, 8, 9, 10]
241 [2, 9]
242 [6, 8, 9]
243 [8]
244 [2, 6]
245 [5, 6, 7]
246 [7, 9, 10]
247 [9]
248 [6, 7, 9]
249 [4, 7, 10]
250 [7]
251 [6]
252 [1, 5]
253 [8, 10]
254 [10]
255 [4, 8]
256 [2, 3, 4, 8]
257 [8]
258 [6]
259 [3, 5, 6, 8, 10]
260 [6, 9, 10]
261 [4, 6, 7]
262 [1, 7]
263 [1, 7]
264 [4, 6, 10]
265 [3, 5, 6, 9, 10]
266 [1, 2, 5, 6]
267 []
268 [1]
269 [2, 7, 9]
270 [1, 2]
271 [1]
272 [1, 4, 6, 7]
273 [6, 7, 8, 9]
274 [6, 8]
275 [4, 8]
276 [2, 8]
277 [4, 6, 7, 10]
278 [5, 6, 7]
279 [3]
280 [6, 8]
281 [2, 8, 10]
282 [1, 4, 6]
283 [1, 6, 10]
284 [1, 2]
285 [1, 4, 5]
286 [1, 5, 9]
287 []
288 [1, 3, 10]
289 [2]
290 [3, 8]
291 [1]
292 [1, 9]
293 [6]
294 [7]
295 [4, 7, 9]
296 [3, 7, 9]
297 [9]
298 [7, 10]
299 [7]
300 [5]
301 [1, 3, 8]
302 []
303 [8, 9]
304 [3, 4, 9]
305 [3, 6]
306 [1, 3, 10]
307 [3, 10]
308 [5, 6]
309 [1, 4]
310 [1, 3, 4, 10]
311 [6, 8]
312 [1, 2, 4]
313 [1, 4, 10]
314 [4, 6]
315 [6]
316 [3, 8]
317 [8]
318 [2, 9]
319 [9]
320 [8]
321 [6]
322 [2, 8, 9]
323 [4]
324 [1, 3, 4, 5, 6, 7]
325 [1]
326 [1, 5, 10]
327 [4, 5, 9]
328 [3, 4]
329 [6]
330 [1, 2, 4, 6, 8]
331 [4, 6, 8]
332 [4, 7]
333 [7, 9]
334 []
335 [2, 7]
336 [1, 10]
337 [1]
338 [6]
339 [1, 3, 8]
340 [1, 3, 4, 8]
341 [1, 4, 7]
342 [1, 6]
343 [2]
344 [1, 2]
345 [8]
346 [8, 9]
347 [1, 2]
348 [2]
349 [4, 6]
350 [5, 10]
351 [2, 3]
352 [2, 5]
353 [1, 3, 4, 6]
354 [3, 4, 6]
355 [8]
356 [3, 5, 6, 8]
357 [1, 3, 4]
358 [10]
359 [10]
360 [4, 6, 7]
361 [3, 6, 7, 8]
362 [3, 4, 6, 7, 9]
363 [4, 5, 7]
364 []
365 [7]
366 [5]
367 [1, 6]
368 [1, 5, 6, 9, 10]
369 [3]
370 [5, 6, 8]
371 [4]
372 [2, 4]
373 [4]
374 []
375 [1, 5, 6, 7]
376 [3, 6, 7]
377 []
378 []
379 []
380 [10]
381 [6]
382 []
383 [1, 4, 7]
384 [7]
385 []
386 [3, 5, 8, 9, 10]
387 [5]
388 [6, 9]
389 [5, 8]
390 [5, 8]
391 [8]
392 [2, 3, 4]
393 [7, 9, 10]
394 [2, 3, 4, 7, 9]
395 [3, 5]
396 [2, 3, 8, 9]
397 [1]
398 [10]
399 []
400 [8]
401 [2, 4, 7, 10]
402 [9]
403 []
404 [1, 2, 6, 8]
405 [1, 2, 3, 8, 9]
406 [3]
407 [3, 8, 10]
408 [7]
409 [1]
410 [3, 10]
411 []
412 [1, 5]
413 [2]
414 [2, 4, 7, 9]
415 [3, 4]
416 [4, 6, 7]
417 [4, 9]
418 [9]
419 [5, 7]
420 [2, 6]
421 [2, 4, 8, 9]
422 [8]
423 [5, 8]
424 [7]
425 [3, 9]
426 [6, 9]
427 [1]
428 [4, 5]
429 [1, 8]
430 [1, 9]
431 [2, 3, 5]
432 [8]
433 [4, 8]
434 [2]
435 [4, 7, 8]
436 [2, 4, 5, 7]
437 [2, 3, 5, 8]
438 [3, 10]
439 [2, 4]
440 [3, 4]
441 [4]
442 [1, 10]
443 [1, 10]
444 [9]
445 [9]
446 [8]
447 [2, 5]
448 [5, 8, 9]
449 [1, 3, 8]
450 [3]
451 [1, 3, 8]
452 [3]
453 [3]
454 [1, 2]
455 [4, 6, 9]
456 [2, 9]
457 [3, 5]
458 [5, 10]
459 [3, 10]
460 [5, 10]
461 [2, 5]
462 [1, 3, 5, 8]
463 [7, 10]
464 [4, 8]
465 [6]
466 [1, 9]
467 [10]
468 []
469 []
470 [4, 7, 10]
471 [3, 4, 7, 10]
472 [10]
473 [7]
474 [6, 7]
475 [7]
476 [8]
477 [4]
478 [2, 3, 6, 7]
479 [4]
480 [5, 8]
481 [5, 7, 8, 9]
482 [7]
483 [2, 7, 10]
484 [1, 5, 10]
485 [5, 6, 10]
486 [3, 4]
487 [3, 4, 8]
488 [7]
489 [4, 6]
490 [4]
491 [1, 5, 8]
492 [2, 8, 9]
493 [5, 6]
494 [6]
495 [5, 7, 10]
496 [5, 6, 7]
497 [2, 5, 6, 7, 8]
498 [9]
499 []
500 [6]
501 [1, 2, 5, 9]
502 [6, 8]
503 [4, 8]
504 [4]
505 [1, 2, 7]
506 [2, 3, 10]
507 [2]
508 [2, 6]
509 [6]
510 []
511 [2, 4, 5]
512 [2, 4, 6, 7]
