1 [1, 6, 11, 15, 24, 28]
2 [3, 11, 24]
3 [4, 5, 24, 28]
4 [2, 7, 11, 12, 24, 25]
5 [2, 4, 5, 9, 12, 15, 18, 20, 21, 22, 25]
6 [1, 2, 6, 7, 9, 18, 20, 21, 22, 25, 32]
7 [6, 7, 12, 18, 19, 21, 29, 30, 32]
8 [5, 7, 13, 15, 17, 18, 26]
9 [1, 3, 4, 6, 7, 10, 12, 25, 26, 32]
10 [1, 3, 7, 15, 19, 23, 26, 28, 32]
11 [1, 4, 16, 17, 18, 19, 31]
12 [2, 4, 11, 18, 21, 25, 28, 32]
13 [5, 12, 13, 29, 31]
14 [5, 12, 17, 21, 22, 26, 29]
15 [1, 4, 12, 22, 26, 28, 29, 30, 31]
16 [13, 20, 22, 23, 26, 27, 31, 32]
17 [16, 18, 20, 21, 25, 26, 27, 29, 32]
18 [1, 2, 5, 6, 9, 15, 19, 21, 27, 28]
19 [1, 6, 10, 15, 17, 25, 28, 32]
20 [5, 6, 20, 25, 28, 31, 32]
21 [5, 6, 8, 9, 15, 18, 25, 31]
22 [1, 3, 4, 5, 8, 21, 22, 29]
23 [3, 7, 26, 28, 31]
24 [1, 2, 7, 15, 16, 17, 26, 28, 31, 32]
25 [2, 5, 17, 28, 32]
26 [1, 2, 7, 10, 18, 23, 31]
27 [1, 4, 7, 16, 17, 20]
28 [9, 10, 14, 16, 20, 22, 24, 30]
29 [1, 5, 8, 9, 10, 11, 12, 13, 15, 23, 24, 29, 30]
30 [1, 9, 11, 16, 22, 29, 32]
31 [3, 6, 11, 17, 18, 28]
32 [1, 2, 3, 5, 6, 11, 13, 17, 18, 21, 24, 26, 31, 32]
33 [2, 5, 6, 11, 12, 17]
34 [9, 14, 15, 21, 32]
35 [1, 4, 10, 12, 25, 28]
36 [5, 6, 9, 19, 22]
37 [12, 16, 26, 29, 32]
38 [5, 9, 11, 12, 13, 15, 19, 22, 24, 26, 32]
39 [13, 24, 26, 27]
40 [1, 7, 8, 11, 14, 18, 25, 27, 28]
41 [3, 25, 26, 27, 30]
42 [3, 8, 23]
43 [2, 4, 10, 21, 32]
44 [3, 4, 5, 6, 9, 14, 15, 16, 18, 20, 21, 25, 27]
45 [5, 10, 20, 21, 25]
46 [3, 11, 13, 16, 20, 21, 29]
47 [4, 5, 13, 17, 22, 24, 27]
48 [4, 6, 10, 12, 13, 19, 27, 28, 30]
49 [9, 13, 14, 21, 25]
50 [1, 5, 6, 9, 10, 11, 12, 14, 21, 22, 27, 32]
51 [1, 4, 12, 15, 21, 22, 32]
52 [3, 8, 10, 11, 18, 22, 24, 29, 32]
53 [3, 6, 11, 14, 15, 20, 22, 26, 32]
54 [1, 2, 3, 13, 15, 17, 28]
55 [11, 14, 18, 22, 23, 26, 29, 31]
56 [5, 16, 23, 28]
57 [2, 7, 12, 18, 19, 20]
58 [1, 6, 7, 8, 10, 12, 28]
59 [4, 8, 12, 21, 22, 28, 31, 32]
60 [10, 17, 21, 28, 29]
61 [6, 8, 32]
62 [1, 8, 15, 16, 18, 20, 22, 27, 28]
63 [1, 3, 11, 14, 15, 16, 17, 22, 25, 28]
64 [3, 7, 9, 15, 27, 32]
65 [9, 12, 21, 24, 26, 30, 31]
66 [1, 3, 8, 9, 14, 20, 26, 27, 30, 32]
67 [9, 10, 12, 13, 23, 26, 30, 31, 32]
68 [8, 9, 21, 26, 30, 31, 32]
69 [4, 6, 8, 21, 25, 30, 31]
70 [1, 4, 8, 15, 17, 19, 21, 24, 31, 32]
71 [15, 21, 24, 30, 32]
72 [6, 7, 17, 27, 31]
73 [4, 15, 22, 25, 27]
74 [16, 19, 22, 24, 29, 31]
75 [5, 6, 8, 12, 16, 19, 27, 29]
76 [2, 3, 8, 10, 21, 22, 25, 32]
77 [2, 4, 8, 11, 16, 20, 21, 30]
78 [13, 16, 17, 18, 21, 24]
79 [4, 6, 7, 15, 16, 17, 22, 28, 30, 32]
80 [5, 12, 17, 19, 22, 28, 29, 30]
81 [1, 7, 22, 28]
82 [8, 14, 16, 17, 24, 28]
83 [1, 5, 14, 15, 16, 20, 23, 27, 30, 32]
84 [2, 4, 6, 12, 21, 22, 24, 25, 28, 30, 32]
85 [2, 4, 5, 8, 11, 13, 17, 18, 20, 22, 27, 28, 29]
86 [2, 4, 6, 7, 17, 21, 25, 27, 30]
87 [1, 13, 15, 17, 18, 23, 26, 27, 29, 30, 32]
88 [5, 13, 18, 20, 28, 29]
89 [6, 7, 18, 32]
90 [1, 6, 10, 15, 19, 22, 28, 31]
91 [1, 3, 25, 26]
92 [2, 3, 15, 19, 27, 30, 31]
93 [1, 2, 15, 20, 21, 30]
94 [7, 14, 18, 29, 32]
95 [4, 5, 6, 15, 19]
96 [5, 6, 8, 9, 14, 15, 32]
97 [1, 6, 7, 8, 9, 26, 27, 31, 32]
98 [6, 10, 15, 23, 25, 26, 27]
99 [7, 13, 16, 20, 23, 24]
100 [2, 4, 12, 16, 23, 24, 28, 29]
101 [2, 4, 21, 23, 24, 27, 29, 31]
102 [2, 7, 8, 10, 27, 32]
103 [3, 8, 9, 12, 14, 16, 31]
104 [5, 7, 11, 12, 14, 17, 26, 27, 28, 29]
105 [3, 18, 27, 29, 32]
106 [12, 20, 22, 24, 26, 30, 32]
107 [3, 8, 18, 23, 26, 29]
108 [4, 8, 21, 22, 27, 29, 30]
109 [7, 8, 14, 21, 29]
110 [12, 13, 17, 25, 29, 30, 32]
111 [2, 9, 19, 21, 22, 24, 29, 31, 32]
112 [8, 10, 12, 13, 17, 24, 25, 26, 28, 30, 32]
113 [20, 23, 26, 27, 29]
114 [11, 20, 21, 27, 32]
115 [5, 7, 10, 13, 14, 15, 29]
116 [11, 25, 26]
117 [12, 13, 15, 19, 20, 21, 23, 24, 26, 31]
118 [8, 11, 13, 19, 21, 23, 28]
119 [3, 12, 15, 19, 21, 25, 29, 30]
120 [3, 12, 13, 19, 21, 22, 25, 28]
121 [8, 12, 21, 25, 29]
122 [1, 2, 9, 10, 18, 20, 24, 26, 30, 31, 32]
123 [7, 8, 9, 20, 23, 24, 29, 30]
124 [2, 8, 9, 12, 15, 20, 22, 24, 28, 30, 31]
125 [21, 22, 24, 27, 31]
126 [6, 7, 10, 19, 21, 22, 25, 29]
127 [11, 12, 16, 19, 21, 23, 25, 29]
128 [14, 17, 18, 19, 25, 26, 28]
129 [9, 16, 20, 22, 26, 32]
130 [4, 5, 8, 14, 21, 22, 23, 24]
131 [6, 8, 11, 12, 13, 15, 22, 23, 24, 30]
132 [2, 11, 12, 19, 22, 26, 28, 30]
133 [6, 9, 10, 14, 26, 27, 32]
134 [8, 10, 11, 14, 17, 21, 22, 29]
135 [5, 6, 12, 14, 16, 18, 23, 28]
136 [5, 12, 21, 23, 24, 29]
137 [5, 6, 14, 26, 28, 31]
138 [4, 6, 16, 19, 24, 27, 30]
139 [2, 5, 6, 9, 10, 18, 19, 22, 24, 26, 29]
140 [10, 15, 16, 17, 19, 31, 32]
141 [3, 5, 6, 10, 14, 15, 19, 22, 25, 28, 32]
142 [5, 12, 15, 19, 20, 24, 25]
143 [1, 9, 14, 20, 23]
144 [3, 5, 6, 10, 16, 23]
145 [2, 9, 12, 16, 22, 26, 27]
146 [6, 13, 15, 17, 20, 26, 27, 31]
147 [4, 9, 13, 18, 19, 24, 26, 27, 28, 31]
148 [4, 8, 9, 13, 17, 30, 32]
149 [4, 9, 12, 13, 14, 17, 18, 23, 24, 29, 32]
150 [3, 4, 8, 9, 12, 14, 17, 24, 26, 32]
151 [6, 10, 12, 13, 14, 28]
152 [6, 9, 12, 14, 17, 20, 22, 25, 27, 28, 29]
153 [6, 7, 13, 16, 18, 20, 22, 24, 25, 27, 29, 32]
154 [4, 6, 14, 29, 32]
155 [1, 6, 7, 8, 27, 29, 31, 32]
156 [1, 6, 14, 16, 19, 20, 23, 27, 31]
157 [4, 6, 7, 14, 16, 17, 24, 29]
158 [5, 6, 7, 16, 22, 26, 27, 29, 32]
159 [2, 6, 12, 16, 19, 28, 32]
160 [1, 2, 6, 10, 11, 14, 30]
161 [1, 2, 9, 12, 16, 17, 23, 24, 29]
162 [4, 5, 6, 12, 14, 22, 27, 30]
163 [5, 9, 15, 22, 26, 30]
164 [6, 10, 11, 16, 17, 20, 21, 30, 31]
165 [12, 18, 19, 21, 22, 25, 29, 31]
166 [9, 15, 18]
167 [3, 4, 5, 8, 10, 13, 17, 19, 24, 26]
168 [7, 8, 9, 19, 20, 30]
169 [1, 12, 13, 14, 17, 18, 19, 21, 24]
170 [9, 14, 17, 18, 19, 22, 24, 26]
171 [2, 3, 13, 14, 18, 19]
172 [2, 8, 9, 11, 17, 18, 20, 21, 26, 31]
173 [2, 3, 11, 12, 13, 17, 20, 26]
174 [2, 17, 21, 22, 31]
175 [8, 11, 15, 19, 20, 32]
176 [8, 19, 22, 30]
177 [2, 12, 28, 30, 32]
178 [3, 5, 11, 13, 14, 20, 22, 24, 28, 32]
179 [11, 14, 15, 19, 21, 22]
180 [7, 13, 14, 15, 16, 19, 22, 26, 27, 32]
181 [5, 6, 7, 9, 10, 13, 15, 21, 23, 26, 30, 31]
182 [2, 13, 14, 15, 19, 21, 22, 23, 24, 31]
183 [10, 14, 15, 19, 20, 21, 26]
184 [19, 21]
185 [1, 5, 7, 11, 12, 23, 25, 28, 31]
186 [4, 5, 6, 7, 13, 16, 20, 22, 25, 30]
187 [5, 6, 7, 11, 25, 28, 30, 31]
188 [2, 4, 6, 13, 16, 21, 26, 29]
189 [2, 3, 6, 8, 17, 20, 21, 22, 25, 28, 30]
190 [2, 3, 6, 7, 9, 20, 22, 24]
191 [4, 6, 7, 9, 13, 14, 18, 24, 28, 31]
192 [6, 9, 16, 17, 23, 24, 28, 30, 32]
193 [3, 8, 12, 16, 19, 23, 32]
194 [2, 3, 4, 5, 7, 8, 12, 13, 14, 15, 17, 27]
195 [3, 7, 8, 15, 16, 17, 23, 24, 27, 30]
196 [4, 8, 17, 20, 22, 29]
197 [4, 10, 16, 19, 22, 28, 31]
198 [1, 2, 4, 8, 10, 11, 13, 15, 19, 20, 22, 26, 28, 30, 31]
199 [2, 5, 12, 17, 19, 23, 26]
200 [5, 8, 12, 15, 27]
201 [2, 5, 12, 17, 19, 25, 26, 27, 28, 31]
202 [2, 6, 20, 26, 27, 31, 32]
203 [5, 11, 15, 18, 24, 27, 30]
204 [2, 3, 6, 10, 15, 17, 27]
205 [2, 6, 10, 18, 22, 25, 32]
206 [1, 2, 3, 4, 5, 7, 16, 25, 26, 30]
207 [3, 11, 12, 22, 28, 29]
208 [5, 6, 7, 12, 22, 25, 26, 28, 32]
209 [4, 6, 9, 11, 18, 21, 23, 25, 26, 30, 32]
210 [8, 9, 11, 12, 13, 18, 19, 23, 25]
211 [5, 9, 11, 14, 18, 28]
212 [12, 14, 15, 17, 18, 28, 29, 30]
213 [1, 2, 8, 9, 10, 12, 17, 24, 25, 26, 28, 29, 32]
214 [6, 7, 11, 13, 14, 15, 17, 22, 23, 28, 31]
215 [5, 6, 7, 8, 14, 17, 23, 30, 32]
216 [2, 3, 4, 7, 13, 14, 15, 16, 26, 28, 29, 32]
217 [6, 9, 12, 14, 29]
218 [12, 14, 21, 22, 28, 32]
219 [2, 5, 8, 9, 12, 14, 24]
220 [3, 9, 12, 14, 18, 21, 28, 29]
221 [2, 7, 20, 22, 28, 31]
222 [4, 5, 12, 14, 16, 20, 28, 29, 31]
223 [5, 6, 14, 15, 19, 25, 26, 28, 32]
224 [2, 5, 10, 13, 20, 26, 28, 32]
225 [2, 3, 8, 9, 10, 16, 21, 25, 26, 30, 32]
226 [1, 4, 6, 8, 11, 21, 22, 25]
227 [11, 14, 17, 21, 24]
228 [1, 3, 4, 12, 17, 22, 23, 24, 25, 26, 27, 31]
229 [1, 2, 5, 10, 23, 26, 31, 32]
230 [2, 5, 15]
231 [3, 5, 10, 12, 15, 16, 20, 24, 26, 30]
232 [1, 5, 6, 7, 22, 23, 26, 27, 28, 30]
233 [3, 4, 16, 20, 21, 22, 23, 24, 27, 28, 32]
234 [1, 5, 8, 10, 16, 18, 22, 23, 30]
235 [4, 7, 8, 10, 11, 12, 17, 23]
236 [1, 3, 5, 6, 9, 14, 17, 19, 20, 24, 25, 31]
237 [2, 5, 14, 19, 25, 27, 29, 31]
238 [9, 11, 22, 24, 25, 27, 28, 29, 31]
239 [3, 4, 14, 23, 24, 28, 29, 30]
240 [3, 4, 5, 6, 14, 20, 24, 28, 30, 32]
241 [25, 28]
242 [3, 5, 8, 14, 16, 26]
243 [1, 2, 8, 10, 16, 20, 24, 26, 29]
244 [5, 7, 9, 15, 16, 19, 21, 22, 26, 28]
245 [1, 4, 5, 8, 12, 15, 21, 22, 26, 28, 32]
246 [1, 2, 6, 8, 18, 20]
247 [13, 17, 20, 21, 30]
248 [6, 7, 8, 9, 15, 17, 21, 22, 26, 28]
249 [7, 8, 11, 14, 15, 21]
250 [5, 7, 10, 21, 28, 32]
251 [2, 6, 7, 9, 10, 14, 19, 27, 31]
252 [3, 14, 20, 25, 28, 29, 32]
253 [5, 7, 10, 13, 14, 17, 22, 29]
254 [5, 11, 13, 21, 24, 31]
255 [5, 9, 11, 15, 18, 20, 22, 26]
256 [10, 14, 15, 24, 30]
257 [1, 3, 5, 6, 7, 10, 13, 17, 21, 23, 24, 30]
258 [3, 13, 15, 17, 21, 24, 28, 30, 31]
259 [1, 2, 3, 13, 16, 21, 23, 24, 32]
260 [3, 7, 16, 18, 24, 30]
261 [14, 16, 18, 24, 27]
262 [1, 9, 12, 22, 29, 31]
263 [8, 14, 18, 23, 29]
264 [2, 7, 8, 9, 14, 18, 24, 31, 32]
265 [4, 11, 16, 18, 24, 28]
266 [5, 11, 16, 18, 21, 23, 32]
267 [3, 4, 8, 11, 18]
268 [1, 2, 6, 13, 17, 19, 23, 25, 32]
269 [6, 11, 13, 14, 15, 16, 18, 31]
270 [10, 11, 13, 20, 27]
271 [6, 10, 13, 16, 20, 23, 24, 25, 27, 30]
272 [4, 6, 10, 11, 18, 21, 31, 32]
273 [3, 6, 9, 14, 16, 20, 27]
274 [9, 11, 19, 22, 23, 26, 30]
275 [1, 8, 9, 11, 18, 20, 21, 26, 27, 32]
276 [2, 4, 6, 8, 12, 14, 16, 20, 21, 24, 26, 28]
277 [1, 2, 4, 8, 11, 15, 16, 19, 21, 27]
278 [1, 3, 13, 16, 17, 21]
279 [1, 6]
280 [1, 2, 11, 12, 13, 23, 24, 27, 29]
281 [2, 11, 12, 17, 18, 19, 21, 24, 30]
282 [4, 11, 15, 17, 20, 21, 24, 30]
283 [7, 12, 14, 25]
284 [4, 6, 13, 14, 17, 21]
285 [2, 4, 6, 8, 10, 13, 14, 15, 16, 18, 21, 24, 26, 30]
286 [1, 2, 19, 21, 24, 25, 26, 32]
287 [1, 2, 7, 9, 12, 13, 14, 17, 18, 24, 26, 29]
288 [2, 4, 6, 7, 8, 11, 13, 14, 16, 18, 19, 20, 23, 24]
289 [3, 6, 13, 17, 20, 23, 25, 28]
290 [8, 11, 20, 25, 29, 31]
291 [2, 20, 24, 25, 29, 32]
292 [5, 6, 9, 11, 12, 19, 23, 24, 26]
293 [1, 12, 14, 15, 29]
294 [1, 6, 11, 14, 15, 16, 19, 23, 24, 25, 28, 32]
295 [4, 6, 7, 11, 12, 24]
296 [8, 9, 10, 11, 14, 16, 18, 24, 26, 32]
297 [1, 4, 8, 14, 18, 19, 22, 24, 26, 27, 28, 31]
298 [4, 5, 6, 8, 9, 11, 15, 18, 22, 24, 25, 32]
299 [4, 5, 7, 8, 10, 16, 17, 21, 22, 23]
300 [1, 4, 5, 6, 9, 12, 21, 24, 28, 30]
301 [1, 3, 7, 13, 17, 22, 26, 29]
302 [3, 4, 5, 18, 20, 27]
303 [3, 4, 5, 6, 20, 32]
304 [4, 17, 19, 27, 29, 32]
305 [4, 6, 7, 9, 16, 19, 20, 21]
306 [6, 9, 16, 20, 21, 22, 24, 26, 30, 32]
307 [2, 7, 8, 13, 20, 24, 26, 29]
308 [5, 6, 8, 14, 15, 29, 30, 32]
309 [1, 9, 10, 15, 16, 19, 20, 21, 22, 23, 28, 32]
310 [1, 5, 16, 26, 28]
311 [1, 5, 8, 10, 17, 18, 19, 20, 22]
312 [3, 5, 7, 11, 14, 15, 18, 21, 25]
313 [2, 11, 13, 19, 23, 25, 28, 30]
314 [2, 8, 11, 12, 13, 21, 24, 32]
315 [2, 6, 12, 13, 14, 18, 28, 30]
316 [2, 8, 18, 30]
317 [10, 12, 15, 17, 21, 22]
318 [3, 8, 9, 11, 14, 17, 21, 23, 26, 27, 28, 30]
319 [2, 5, 7, 8, 12, 14, 16, 20, 22, 27, 29, 32]
320 [7, 10, 14, 20, 21, 29, 31]
321 [5, 7, 9, 10, 12, 18, 20, 22, 24, 26, 28, 29, 31]
322 [11, 17, 20, 24, 25, 27, 28]
323 [7, 11, 17, 18, 23, 27, 30, 32]
324 [3, 8, 9, 12, 13, 18, 19, 25, 32]
325 [7, 9, 17, 18, 24, 25, 27]
326 [1, 2, 3, 4, 6, 8, 13, 17, 18, 21, 24, 28, 29]
327 [4, 8, 10, 24, 25, 28]
328 [5, 16, 20, 22, 24, 27, 31]
329 [1, 4, 5, 9, 10, 16, 20, 24]
330 [4, 5, 9, 11, 14, 15, 16, 18, 20, 24, 26, 27, 31, 32]
331 [4, 5, 8, 10, 11, 16, 24, 29]
332 [8, 10, 11, 15, 25, 32]
333 [3, 11, 13, 14, 15, 16, 22, 23, 24, 25, 29, 30]
334 [1, 2, 13, 14, 16, 20, 25, 27]
335 [1, 10, 11, 13, 24, 30]
336 [2, 3, 5, 7, 10, 13, 14, 22, 26, 29, 30]
337 [7, 10, 14, 15, 17, 18, 20]
338 [2, 7, 12, 13, 14, 15, 17, 20, 22, 23, 25, 29]
339 [2, 3, 6, 9, 13, 14, 15, 16, 18, 22, 32]
340 [3, 6, 7, 8, 9, 12, 13, 15, 16, 18, 20, 26, 30]
341 [2, 6, 7, 8, 19, 20, 22, 25, 32]
342 [2, 4, 7, 8, 12, 15, 17, 18, 25, 26]
343 [3, 6, 15, 17, 18, 23, 25, 26, 31]
344 [1, 3, 5, 9, 14, 15, 16, 18, 22, 23, 25, 26]
345 [1, 5, 6, 10, 12, 15, 16, 28, 30, 31, 32]
346 [4, 8, 19]
347 [5, 12, 13, 14, 15, 23, 24]
348 [13, 15, 16, 20, 21, 30, 32]
349 [4, 10, 13, 14, 16, 19, 20, 21, 28, 31, 32]
350 [3, 4, 10, 20, 21, 31, 32]
351 [15, 19, 22, 25, 28, 29, 31]
352 [6, 17, 19, 21, 24, 25, 29, 31, 32]
353 [4, 9, 14, 17, 21, 24, 27, 30]
354 [3, 8, 10, 20, 27]
355 [10, 17, 18, 26]
356 [8, 19, 21, 25, 26]
357 [4, 5, 8, 18, 21, 26, 27, 30, 32]
358 [4, 12, 18, 19, 20, 26, 27]
359 [5, 7, 12, 14, 15, 21, 26, 27, 30]
360 [1, 2, 5, 7, 9, 11, 12, 15, 22, 26, 29]
361 [4, 5, 8, 11, 12, 15, 17, 18, 20, 24, 29, 30, 31, 32]
362 [7, 18, 20, 21, 22, 24, 30]
363 [1, 8, 11, 14, 15, 17, 18, 24, 30]
364 [7, 11, 14, 23, 26, 27]
365 [3, 6, 7, 8, 10, 12, 23, 28]
366 [6, 7, 11, 14, 27, 28, 30]
367 [11, 18]
368 [6, 7, 11, 13, 15, 18, 24, 27]
369 [3, 7, 11, 19, 22, 32]
370 [6, 7, 10, 18, 22, 27, 32]
371 [11, 16, 18, 20, 23, 25, 26, 28, 29, 32]
372 [15, 25, 28, 32]
373 [2, 5, 7, 10, 15, 25]
374 [10, 12, 25]
375 [4, 12, 21, 29, 30, 32]
376 [3, 8, 26, 32]
377 [3, 5, 6, 14, 15, 16, 21, 23, 25, 30]
378 [3, 13, 18, 20, 22, 32]
379 [5, 13, 24]
380 [1, 5, 12, 13, 21, 26, 30, 32]
381 [4, 5, 10, 12, 15, 19, 24, 25, 26, 30]
382 [4, 5, 7, 13, 14, 15, 32]
383 [2, 10, 21, 22, 24, 25, 26, 29]
384 [4, 6, 12, 15, 16, 17, 19, 24, 29, 30, 32]
385 [2, 6, 7, 10, 11, 14, 16, 19, 23, 25, 29]
386 [2, 4, 5, 8, 14, 17, 28, 31]
387 [2, 3, 5, 10, 11, 14, 17, 32]
388 [1, 7, 14, 17, 20, 22, 28, 29, 31, 32]
389 [1, 6, 13, 20, 22, 24, 25, 26, 28, 29, 30, 31]
390 [5, 7, 15, 16, 19, 20, 21, 22, 24, 28, 30, 31]
391 [1, 4, 5, 6, 8, 12, 13, 14, 16, 24, 27, 28, 32]
392 [3, 4, 6, 8, 14, 15, 16, 19, 29, 31, 32]
393 [1, 3, 4, 18, 23, 25, 27, 31]
394 [4, 8, 9, 13, 14, 22, 24, 31]
395 [7, 8, 13, 23, 26, 27, 29]
396 [6, 8, 19, 23, 26, 29, 30]
397 [3, 5, 13, 16, 19, 23, 26, 28, 32]
398 [2, 8, 10, 16, 19, 24, 28]
399 [3, 8, 10, 19, 20, 24, 26, 27, 28, 30, 32]
400 [3, 6, 8, 9, 11, 16, 20, 26, 27]
401 [4, 5, 8, 11, 18, 25, 26, 27, 28, 31, 32]
402 [3, 5, 6, 16, 20, 21, 25, 31, 32]
403 [4, 6, 9, 16, 17, 21, 26, 31, 32]
404 [14, 16, 17, 24, 27, 28, 29, 31]
405 [1, 6, 9, 16, 27, 28, 29, 31]
406 [7, 9, 16, 17, 19, 24, 29, 30]
407 [11, 16, 17, 18, 21, 28, 30]
408 [1, 2, 4, 9, 11, 16, 17, 20, 22, 30, 32]
409 [15, 17, 22, 32]
410 [3, 5, 6, 9, 12, 15, 23, 28, 32]
411 [1, 9, 16, 18, 23, 27]
412 [2, 3, 4, 5, 6, 18, 20, 21, 22, 23, 25]
413 [3, 4, 9, 17, 22, 24]
414 [1, 3, 6, 12, 18, 23, 28]
415 [6, 9, 10, 12, 18, 20, 23, 24, 26]
416 [3, 6, 8, 10, 14, 23, 24, 26]
417 [3, 6, 12, 14, 26, 28, 31]
418 [1, 4, 5, 11, 22, 27]
419 [3, 8, 21, 22, 27, 29, 32]
420 [14, 17, 28]
421 [4, 7, 8, 14, 16, 20, 25, 26, 28, 31, 32]
422 [5, 8, 22, 31, 32]
423 [9, 12, 13, 18, 23, 29]
424 [3, 6, 10, 15, 18, 21, 23, 28, 31]
425 [8, 13, 14, 20, 21, 22, 24, 26, 32]
426 [4, 23, 24, 25, 26, 31]
427 [6, 7, 11, 14, 16, 20, 23, 30]
428 [2, 13, 16, 19, 21, 23, 24, 29]
429 [14, 16, 18, 23, 26]
430 [6, 7, 10, 18, 21, 24, 32]
431 [2, 5, 9, 10, 20, 26, 28, 32]
432 [3, 23, 25, 28, 30, 31]
433 [8, 10, 18, 20, 23, 28, 30]
434 [2, 6, 17, 21]
435 [3, 6, 9, 14, 17, 21, 22, 23, 27, 28]
436 [7, 10, 12, 14, 17]
437 [2, 4, 12, 19, 21, 23, 27]
438 [4, 7, 8, 19, 22, 23, 24]
439 [11, 14, 19, 22, 23, 26, 30]
440 [5, 6, 13, 18, 25, 30]
441 [4, 5, 9, 17]
442 [4, 9, 19, 22, 24, 26, 27, 29]
443 [2, 4, 8, 12, 14, 18, 19, 27, 30]
444 [1, 5, 8, 10, 12, 13, 14, 16, 18, 19, 21, 30, 31]
445 [1, 5, 11, 18, 19, 24, 30, 31]
446 [1, 2, 3, 10, 11, 23, 31]
447 [2, 4, 16, 20, 28, 30]
448 [1, 8, 12, 14, 15, 16, 20, 21, 32]
449 [1, 15, 16, 17, 18, 31, 32]
450 [1, 15, 16, 19, 21, 29, 32]
451 [1, 14, 16, 18, 27, 31]
452 [2, 3, 7, 14, 17, 25, 29]
453 [3, 11, 17, 23, 24, 29]
454 [13, 15, 17, 22]
455 [2, 17, 22, 30, 31]
456 [8, 13, 20, 22]
457 [4, 12, 14, 15, 16, 22, 28, 30, 31]
458 [2, 7, 8, 12, 15, 20, 23, 27, 32]
459 [14, 19, 20, 27, 30]
460 [3, 9, 18, 21]
461 [6, 12, 15, 17, 32]
462 [1, 2, 8, 12, 26, 27, 28]
463 [1, 2, 4, 5, 6, 11, 12, 14, 17, 18, 20, 22, 26, 32]
464 [1, 4, 7, 8, 10, 12, 17, 18, 24, 29, 31]
465 [1, 2, 3, 7, 13, 14, 17, 21, 24, 25, 29, 32]
466 [6, 7, 21]
467 [3, 5, 19, 21, 28, 30]
468 [15, 16, 26]
469 [3, 5, 13, 22, 25, 26, 28, 30, 31]
470 [3, 8, 15, 18, 21, 25, 26, 29, 32]
471 [3, 10, 11, 18, 20, 30]
472 [2, 15, 17, 20, 25, 26, 27, 32]
473 [17, 26, 31, 32]
474 [2, 4, 20, 27, 29]
475 [7, 9, 17, 20, 21, 30]
476 [9, 11, 14, 17, 21, 23, 30, 31]
477 [1, 4, 15, 31]
478 [1, 2, 4, 6, 10, 25, 30, 31]
479 [1, 3, 5, 6, 8, 10, 13, 15, 16, 19, 20, 25, 31]
480 [3, 6, 10, 13, 19, 24, 27]
481 [1, 3, 8, 17, 19, 23, 24, 25, 26, 28, 29, 31, 32]
482 [1, 3, 8, 11, 13, 14, 18, 23, 24, 31]
483 [5, 15, 18, 28, 31]
484 [2, 11, 18, 20, 24, 28, 31]
485 [6, 9, 13, 14, 17, 18, 20, 22, 27, 30]
486 [6, 23]
487 [7, 8, 10, 12, 32]
488 [1, 3, 4, 6, 7, 9, 10, 11, 14, 15, 18, 19, 22, 26]
489 [6, 8, 9, 16, 18, 21, 30]
490 [8, 9, 10, 11, 12, 14, 18, 31]
491 [7, 10, 11, 12, 21, 28]
492 [6, 8, 9, 11, 13, 14, 16, 17, 18, 20, 23, 24, 25]
493 [5, 16, 19, 22, 23, 24, 32]
494 [1, 3, 7, 12, 13, 19, 22, 23, 24, 30, 31]
495 [1, 3, 5, 7, 8, 13, 16, 21, 23, 31, 32]
496 [5, 10, 12, 16, 22, 25, 31]
497 [2, 9, 10, 16, 22, 23, 24, 28]
498 [5, 8, 9, 12, 13, 23, 28]
499 [10, 11, 21, 22, 23, 25, 28, 30, 31, 32]
500 [4, 6, 8, 9, 10, 16, 18, 20, 26, 30]
501 [6, 8, 18, 20, 21, 22, 25, 27, 28, 30, 32]
502 [2, 4, 7, 18, 22, 24, 32]
503 [9, 10, 22, 23, 25, 26, 29, 30]
504 [2, 3, 10, 23, 24, 26, 30]
505 [1, 7, 30]
506 [7, 8, 9, 13]
507 [2, 9, 12, 22, 24, 26, 30]
508 [1, 4, 12, 19, 22, 23, 25]
509 [1, 4, 5, 17, 19, 25]
510 [1, 4, 5, 6, 10, 16, 17, 22, 29, 30]
511 [1, 5, 14, 15, 17, 30, 31]
512 [5, 14, 20, 24]
513 [2, 4, 6, 8, 14, 25, 28, 31]
514 [2, 6, 13, 29, 30, 31]
515 [1, 16, 20, 28, 29]
516 [1, 2, 5, 6, 7, 8, 20, 24, 25]
517 [3, 5, 8, 9, 21, 24, 26]
518 [3, 5, 6, 7, 8, 9, 16, 21, 24, 31]
519 [1, 2, 4, 8, 14, 17, 24, 31]
520 [2, 3, 9, 15, 18, 22, 25, 30]
521 [3, 6, 7, 8, 13, 16, 17, 18, 22, 27, 30]
522 [7, 8, 11, 15, 18, 26, 27, 28]
523 [4, 6, 7, 16, 17, 18, 20, 24, 25, 27, 30]
524 [3, 5, 15, 16, 18, 20, 22, 25, 26, 32]
525 [5, 7, 8, 15, 22, 29, 30, 32]
526 [1, 7, 8, 10, 16, 17, 23, 26]
527 [4, 5, 14, 18, 20, 26, 28, 32]
528 [4, 14, 18, 24, 26, 28, 32]
529 [1, 12, 19, 21, 23, 28, 32]
530 [1, 6, 9, 15, 17, 19, 23, 27, 32]
531 [1, 6, 7, 8, 9, 17, 25, 32]
532 [1, 2, 5, 8, 10, 13, 17, 20, 22, 25, 26, 28]
533 [1, 2, 25, 32]
534 [3, 4, 17, 18, 24]
535 [2, 6, 18, 20, 28]
536 [1, 8, 18, 30]
537 [1, 10, 12, 20, 23]
538 [2, 11, 14, 18, 22, 23, 26, 32]
539 [12, 18, 19, 21, 27]
540 [18, 19, 21, 24, 27, 29, 30]
541 [11, 16, 17, 18, 21, 22, 28, 29, 32]
542 [18, 22, 29, 30]
543 [1, 2, 4, 8, 15]
544 [4, 5, 9, 13, 15, 18, 19, 20, 21, 24, 30]
545 [7, 8, 10, 11, 18, 19, 20, 32]
546 [7, 8, 9, 11, 15, 17, 19, 20, 29]
547 [4, 5, 7, 8, 13, 15, 16, 17, 19, 20, 24, 25, 31]
548 [2, 13, 15, 17, 23, 26, 31]
549 [2, 3, 10, 15, 16, 19, 23, 26, 31]
550 [3, 4, 5, 12, 14, 17, 18, 23, 29, 30, 31]
551 [1, 6, 8, 20, 31, 32]
552 [2, 6, 8, 9, 10, 15, 18, 20, 28, 32]
553 [14, 21, 23, 29, 31]
554 [7, 15, 21, 22, 31]
555 [2, 3, 6, 9, 14, 19, 20, 21, 23, 25, 27]
556 [2, 3, 5, 6, 10, 11, 21, 22, 27, 29, 32]
557 [3, 7, 10, 12, 13, 18, 27]
558 [7, 14, 21, 22, 30]
559 [7, 14, 16, 19, 27]
560 [6, 12, 13, 17, 20, 31]
561 [2, 7, 9, 11, 12, 17, 22, 26, 27]
562 [2, 7, 9, 12, 14, 19, 26, 28, 31]
563 [1, 7, 10, 17, 19, 24, 25, 26, 32]
564 [6, 12, 15, 18, 22, 23, 24, 25, 27, 30]
565 [9, 12, 13, 16, 20, 21, 27, 28, 29, 32]
566 [7, 8, 16, 22, 26, 28]
567 [4, 14, 15, 24, 26, 28, 30]
568 [1, 16, 25, 30, 31]
569 [6, 8, 14, 18, 19, 28]
570 [8, 12, 14, 18, 27, 29]
571 [2, 8, 15, 17, 26, 27]
572 [5, 17, 18, 19, 31, 32]
573 [5, 10, 11, 15, 16, 22, 25, 26]
574 [8, 10, 13, 15, 19, 23, 26, 29]
575 [1, 5, 6, 9, 10, 12, 25, 26, 29]
576 [1, 4, 9, 10, 12, 15, 18]
577 [6, 8, 20, 23, 25, 26, 28, 31, 32]
578 [1, 3, 5, 8, 12, 15, 18, 21, 25, 26, 28, 30]
579 [1, 8, 15, 20, 25, 29, 30, 32]
580 [1, 2, 5, 6, 18, 23]
581 [1, 22, 24, 30, 31]
582 [4, 6, 10, 12, 13, 22, 26, 27, 32]
583 [1, 4, 6, 11, 15, 16, 18, 21, 28]
584 [6, 7, 12, 13, 17, 21, 22, 25, 32]
585 [1, 4, 5, 6, 8, 28, 31]
586 [5, 8, 12, 14, 17, 22, 24, 25, 28, 32]
587 [1, 5, 12, 14, 15, 16, 18, 23]
588 [6, 8, 9, 11, 13, 15, 24]
589 [1, 3, 7, 13, 23, 25, 30, 32]
590 [1, 3, 13, 19, 21, 30, 32]
591 [1, 5, 9, 13, 24, 29, 31]
592 [1, 2, 6, 9, 10, 12, 15, 16, 17, 18, 27, 29, 31, 32]
593 [6, 8, 15, 19, 21, 22, 24, 30, 31, 32]
594 [8, 10, 14, 19, 22, 23, 26, 28]
595 [2, 5, 8, 9, 10, 23, 24]
596 [3, 13, 24, 25, 26, 28, 29]
597 [9, 11, 14, 16, 19, 20, 23, 30]
598 [3, 4, 5, 11, 14, 17, 22, 23, 28]
599 [3, 16, 22, 23, 26, 27, 30, 31, 32]
600 [1, 11, 15, 22, 23, 24, 31, 32]
601 [4, 12, 20, 31, 32]
602 [5, 8, 10, 12, 17, 22, 26, 28, 29, 31]
603 [2, 4, 5, 6, 10, 11, 22, 25, 28, 31]
604 [1, 3, 13, 15, 17, 21, 24, 25, 27, 31]
605 [1, 12, 15, 23]
606 [2, 7, 8, 10, 12, 19, 26]
607 [3, 8, 10, 12, 17, 22, 32]
608 [2, 3, 9, 10, 17, 23]
609 [7, 10, 14, 16, 17, 27]
610 [1, 3, 6, 9, 10, 14, 19, 22]
611 [9, 11, 14, 24, 31]
612 [23, 25, 26, 30, 32]
613 [1, 2, 3, 12, 20, 23, 25, 28, 32]
614 [2, 4, 6, 7, 8, 14, 16, 20, 24, 25, 31]
615 [1, 4, 5, 6, 8, 12, 24, 28, 31, 32]
616 [1, 6, 10, 14, 15, 21, 22, 27, 28, 32]
617 [6, 11, 19, 21, 22, 32]
618 [3, 4, 5, 12, 13, 20, 22, 25, 32]
619 [3, 5, 6, 8, 9, 13, 21, 23, 30, 32]
620 [2, 3, 4, 6, 9, 13, 14, 15, 30]
621 [1, 5, 8, 9, 27, 30, 32]
622 [1, 5, 14, 16, 28, 29, 30]
623 [2, 3, 4, 5, 10, 13, 14, 16, 23, 26, 27, 28, 30]
624 [2, 3, 4, 12, 23, 25, 26, 30]
625 [3, 4, 6, 12, 16, 22, 26, 27, 31]
626 [3, 4, 12, 14, 15, 18, 22, 23, 27, 31]
627 [1, 3, 4, 5, 6, 9, 10, 14, 22, 23, 26, 30]
628 [5, 7, 14, 19, 21, 30, 31]
629 [2, 7, 9, 10, 14, 16, 17, 18, 19, 20, 26, 29, 30]
630 [1, 6, 10, 18, 19, 21, 24, 26]
631 [2, 10, 12, 20, 24, 27, 28]
632 [5, 22, 24, 28, 29]
633 [6, 8, 11, 12, 16, 17, 22, 32]
634 [1, 3, 4, 5, 6, 13, 14, 21, 22, 32]
635 [1, 2, 3, 5, 8, 14, 23, 25, 29]
636 [7, 8, 17, 20, 28]
637 [4, 8, 9, 16, 23, 27, 29]
638 [7, 8, 9, 15, 18, 23, 24]
639 [4, 5, 7, 8, 14, 23, 24, 29, 31]
640 [1, 2, 8, 10, 12, 18, 20, 29]
641 [2, 7, 10, 12, 14, 20, 22, 25, 30]
642 [2, 4, 8, 9, 11, 12, 15, 16, 18, 23, 24, 27, 28, 30, 31]
643 [9, 13, 16, 21, 28]
644 [7, 8, 9, 15, 21, 24, 25, 26, 31]
645 [3, 7, 9, 10, 25, 26, 27, 31]
646 [2, 3, 5, 14, 16, 20]
647 [5, 6, 8, 16, 17, 21, 28, 32]
648 [1, 2, 5, 6, 12, 18, 19, 20, 21, 26, 27, 28, 31, 32]
649 [1, 4, 6, 8, 9, 16, 17, 20, 26, 28]
650 [10, 13, 16, 17, 28]
651 [1, 4, 6, 16, 17, 21, 28, 29, 32]
652 [1, 7, 14, 15, 16, 17, 28]
653 [4, 7, 8, 9, 10, 13, 17, 22, 28, 30]
654 [1, 5, 6, 7, 11, 26]
655 [4, 5, 7, 8, 15, 17, 24, 27, 31]
656 [5, 8, 10, 12, 14, 17, 20, 27, 30, 32]
657 [1, 4, 7, 12, 16, 17, 18, 24, 25, 32]
658 [2, 3, 5, 12, 15, 16, 17, 19, 21, 22, 27, 28]
659 [3, 4, 8, 11, 14, 16, 24, 27, 32]
660 [6, 15, 19, 21, 24, 27, 32]
661 [7, 10, 15, 18, 21, 23, 27, 29]
662 [7, 18, 22, 29]
663 [2, 8, 12, 13, 21, 29, 31]
664 [9, 10, 22, 24, 28, 29, 31]
665 [3, 4, 5, 8, 13, 18, 19, 23, 24, 28, 29]
666 [3, 13, 16, 24]
667 [4, 5, 21, 27]
668 [2, 5, 8, 9, 10, 28]
669 [4, 5, 22, 25, 30]
670 [4, 6, 8, 12, 20, 21, 26, 27]
671 [4, 5, 15, 16, 19, 22, 27]
672 [1, 7, 10, 12, 13, 16, 21]
673 [8, 13, 20, 21, 24, 30, 32]
674 [3, 6, 9, 10, 12, 14, 16, 20]
675 [1, 4, 5, 10, 11, 12, 14, 16, 24, 30]
676 [2, 9, 10, 11, 14, 15, 26]
677 [3, 15, 18, 24, 32]
678 [6, 14, 21, 31, 32]
679 [3, 5, 7, 11, 12, 13, 18, 19, 22, 24, 32]
680 [15, 16]
681 [1, 5, 11, 13, 15, 19, 22]
682 [1, 13, 15, 17, 32]
683 [1, 14, 15, 17, 22, 32]
684 [2, 6, 13, 14, 18]
685 [1, 6, 8, 13, 14, 20, 22, 27, 28, 32]
686 [11, 13, 15, 16, 18, 20]
687 [8, 9, 10, 15, 16, 18, 20, 22, 24, 26, 28, 29, 30]
688 [4, 7, 9, 12, 18, 24, 28, 29]
689 [4, 5, 16, 18, 19, 22, 23, 24, 27]
690 [11, 14, 16, 23, 24]
691 [11, 14, 20, 29]
692 [3, 6, 11, 12, 14, 18, 19, 25, 29]
693 [1, 7, 9, 11, 14, 19, 22, 25, 30]
694 [4, 9, 11, 13, 14, 15, 16, 17, 28]
695 [2, 10, 14, 18, 19, 28, 32]
696 [1, 2, 7, 8, 11, 12, 14, 17, 18, 22, 28, 29, 31, 32]
697 [7, 8, 15, 27, 28, 30]
698 [5, 7, 9, 16, 27]
699 [7, 9, 12, 24, 29, 32]
700 [7, 10, 13, 17, 18, 21, 24, 25, 28]
701 [5, 11, 14, 23, 26, 27, 28, 31]
702 [10, 11, 14, 17, 19, 23, 27, 29, 31]
703 [6, 12, 14, 17, 26, 29]
704 [2, 3, 8, 10, 14, 15, 17, 28, 31]
705 [1, 3, 4, 16, 20, 22, 25, 30]
706 [2, 13, 15, 22, 24, 25, 26]
707 [14, 24, 25, 27]
708 [2, 3, 5, 6, 12, 13, 15, 19, 25, 32]
709 [3, 4, 8, 10, 11, 12, 13, 16, 18, 21, 32]
710 [4, 6, 10, 12, 15, 16, 17, 23, 25, 28, 29]
711 [4, 15, 17, 23, 25, 27]
712 [4, 7, 8, 15, 18, 21, 29, 30, 32]
713 [6, 18, 28, 29, 32]
714 [11, 14, 29, 31]
715 [2, 5, 6, 14, 20, 24, 26, 30]
716 [1, 15, 20, 22, 26, 32]
717 [5, 6, 8, 21, 22, 25]
718 [1, 3, 4, 5, 14, 16, 19, 20, 25, 26, 30]
719 [1, 14, 15, 17, 19, 21, 22, 25, 26, 27, 30]
720 [19, 21, 30, 32]
721 [5, 6, 10, 22, 23]
722 [8, 10, 12, 13, 21, 27]
723 [4, 7, 13, 20, 21, 27, 31, 32]
724 [8, 13, 21, 26, 27, 29]
725 [1, 9, 10, 20, 21, 26]
726 [2, 4, 6, 10, 23, 25, 31]
727 [2, 7, 8, 14, 21, 23, 30, 32]
728 [7, 10, 15, 17, 20, 21, 22, 24, 28]
729 [1, 8, 10, 12, 21, 32]
730 [2, 4, 5, 8, 10, 12, 18, 24]
731 [8, 12, 13, 19, 23, 24]
732 [8, 10, 12, 16, 18, 19, 23, 24, 26, 32]
733 [2, 14, 18, 19, 20, 22, 26, 29, 32]
734 [2, 8, 10, 13, 19, 22, 23, 24, 30, 31]
735 [6, 8, 13, 23, 28, 30, 31]
736 [7, 9, 10, 18, 20, 22, 30, 32]
737 [5, 16, 23, 28]
738 [5, 18, 19, 26]
739 [3, 4, 10, 15, 16, 18, 26, 28, 32]
740 [6, 8, 9, 12, 15, 17, 22, 23, 26, 29, 32]
741 [6, 7, 11, 14, 17, 18, 24]
742 [4, 10, 11, 14, 15, 16, 17, 18, 22, 23, 27, 30, 31]
743 [3, 7, 11, 21, 25, 31]
744 [3, 7, 21, 22, 23, 26, 31]
745 [15, 24, 25, 27, 31]
746 [4, 6, 7, 18, 21, 22, 23, 24, 26, 30, 31, 32]
747 [6, 7, 15, 16, 18, 25, 28, 31, 32]
748 [2, 5, 7, 18, 28, 30, 31]
749 [2, 16, 17, 19, 20, 27, 30, 31, 32]
750 [1, 3, 10, 14, 16, 20, 25, 26, 30, 32]
751 [4, 6, 8, 11, 14, 17, 18, 19, 23, 25, 26, 28, 30]
752 [9, 11, 17, 23, 31, 32]
753 [6, 11, 14, 20, 21, 31, 32]
754 [5, 6, 11, 14, 15, 24, 28]
755 [2, 3, 6, 10, 21, 24, 26, 28, 29, 31]
756 [3, 6, 10, 19, 24, 32]
757 [2, 3, 6, 8, 11, 17, 18, 21, 23, 24, 28]
758 [4, 6, 14, 25, 29, 30]
759 [5, 6, 8, 10, 14, 18, 20, 23, 25, 26, 28]
760 [18, 24, 25, 30, 31]
761 [1, 2, 3, 7, 12, 26, 30]
762 [3, 7, 17, 18]
763 [6, 16, 22, 27]
764 [4, 5, 9, 11, 28]
765 [5, 9, 17, 20]
766 [10, 17, 22, 23, 26, 31, 32]
767 [3, 5, 6, 15, 19, 20, 27]
768 [6, 12, 14, 15, 16, 17, 25, 28, 31]
769 [3, 5, 12, 24, 26, 29]
770 [1, 26, 28]
771 [3, 11, 21, 25, 27]
772 [1, 9, 11, 15, 19, 24, 25, 28]
773 [2, 4, 8, 11, 15, 29, 30]
774 [11, 18, 21, 28]
775 [4, 7, 9, 10, 17, 19, 23, 24, 26, 29]
776 [1, 6, 14, 15, 17, 18, 28, 30]
777 [9, 14, 15, 19, 20, 25, 32]
778 [18, 19, 29, 32]
779 [1, 8, 10, 11, 16, 24, 29, 31]
780 [1, 2, 6, 11, 12, 16, 18, 26, 28, 29, 30, 31]
781 [1, 3, 9, 10, 14, 19, 21, 25, 31]
782 [13, 14, 15, 16, 20, 21, 23, 26, 27, 28, 29]
783 [11, 12, 14, 20, 21, 22, 23, 26]
784 [13, 15, 17, 23, 26, 27, 32]
785 [6, 11, 12, 15, 30, 32]
786 [2, 13, 15, 17, 19, 21, 28, 31]
787 [5, 9, 17, 20, 21, 23, 30, 32]
788 [9, 10, 11, 14, 21, 23, 31]
789 [7, 8, 17, 21, 23, 27, 28, 32]
790 [8, 12, 15, 20, 21, 22, 29, 32]
791 [5, 6, 8, 19, 21, 22, 25, 26, 27, 30, 32]
792 [3, 14, 19, 22]
793 [21, 22, 24, 25, 30, 32]
794 [3, 5, 16, 21, 22, 26]
795 [4, 7, 8, 14, 16, 17, 20, 21]
796 [2, 4, 6, 17, 18, 20, 24]
797 [10, 17, 19, 23, 30]
798 [4, 11, 13, 22, 24, 25, 26, 29]
799 [4, 5, 7, 14, 16, 18, 30]
800 [1, 4, 8, 12, 16, 18, 19, 20, 26, 29]
801 [2, 16, 17, 18, 19, 20, 21, 26, 28]
802 [5, 7, 13, 14, 20, 21, 26]
803 [3, 7, 8, 13, 20, 21, 22, 28]
804 [3, 5, 9, 13, 21, 24, 26]
805 [2, 4, 13, 16, 26, 31]
806 [4, 11, 15, 21, 29, 31]
807 [4, 7, 9, 15, 17, 20, 22, 24]
808 [1, 4, 10, 16, 17, 18, 21, 22, 29, 31, 32]
809 [1, 2, 3, 10, 14, 17, 24, 26, 30]
810 [4, 11, 14, 17, 19, 28]
811 [2, 4, 15, 19, 21, 24, 31]
812 [2, 5, 13, 15, 18, 19, 21, 22, 23, 32]
813 [1, 5, 9, 10, 11, 18, 21, 28, 30]
814 [5, 6, 7, 15, 27, 30, 31, 32]
815 [1, 7, 8, 15, 16, 20, 27]
816 [1, 13, 20, 22, 26, 31]
817 [3, 10, 11, 14, 22, 23, 24, 26, 29, 30]
818 [2, 8, 22, 25, 29, 30]
819 [1, 4, 5, 14, 18, 20, 25, 30]
820 [9, 14, 15, 16, 27, 28]
821 [1, 3, 5, 9, 11, 12, 15, 20, 21, 30, 31, 32]
822 [9, 13, 20, 22, 24, 28, 31, 32]
823 [1, 2, 3, 9, 10, 14, 17, 19, 26, 28, 30]
824 [1, 8, 12, 15, 16, 24, 26, 29, 32]
825 [2, 7, 8, 12, 23, 24, 31]
826 [2, 22, 23, 28, 29, 31]
827 [13, 22, 31]
828 [6, 10, 13, 16, 18, 22, 24, 31]
829 [7, 12, 14, 21, 22, 29, 31]
830 [6, 12, 21, 22, 23, 27, 29, 32]
831 [2, 6, 7, 9, 13, 15, 17, 21, 24, 27, 28, 29, 31]
832 [8, 10, 19, 24]
833 [10, 11, 15]
834 [2, 5, 7, 8, 12, 21, 23]
835 [1, 6, 8, 14, 21, 24]
836 [1, 3, 10, 12, 16, 24, 27, 29, 30]
837 [1, 3, 5, 8, 11, 12, 24, 29, 31, 32]
838 [2, 3, 4, 14]
839 [1, 3, 4, 14, 16, 22, 25, 32]
840 [1, 19, 26, 29, 30]
841 [12, 13, 17, 18, 25, 27, 28, 32]
842 [7, 8, 13, 20, 21, 25, 26, 27, 28, 29]
843 [2, 5, 7, 12, 13, 25, 26, 32]
844 [5, 8, 11, 27, 32]
845 [9, 10, 13, 14, 20, 25, 27, 28, 29]
846 [4, 9, 10, 16, 17, 20, 27]
847 [3, 4, 5, 11, 16, 22, 23, 25, 26, 28]
848 [2, 4, 7, 11, 16, 17, 18, 22, 25, 27]
849 [4, 9, 17, 23, 24, 26, 29, 31]
850 [4, 5, 6, 25, 28]
851 [12, 13, 15, 19, 23, 30]
852 [3, 10, 29, 32]
853 [2, 7, 16, 17, 19, 26, 31, 32]
854 [4, 6, 10, 19, 22, 24]
855 [9, 10, 19, 28, 30, 31, 32]
856 [1, 4, 6, 9, 15, 19, 22, 23, 28, 32]
857 [8, 15, 17, 28]
858 [1, 3, 5, 7, 8, 17, 29]
859 [1, 3, 6, 15, 18, 20, 21]
860 [2, 19, 21, 23, 26, 29, 30]
861 [7, 12, 18]
862 [2, 3, 7, 8, 15, 16, 20, 21, 29]
863 [1, 6, 13, 16, 22, 29, 31]
864 [1, 5, 6, 7, 22, 25, 31]
865 [7, 8, 9, 10, 14, 16, 25, 32]
866 [6, 9, 14, 15, 16, 20, 28, 32]
867 [4, 9, 20, 22, 28, 31]
868 [1, 3, 4, 15, 17, 25]
869 [1, 4, 5, 10, 13, 18, 21, 23, 26, 27, 32]
870 [1, 5, 8, 9, 12, 15, 21, 24, 25, 31]
871 [5, 14, 23, 24, 25, 30, 31, 32]
872 [6, 8, 9, 12, 17, 22, 23, 25, 30, 31]
873 [6, 15, 19, 22, 26]
874 [3, 4, 5, 6, 8, 12, 28]
875 [2, 5, 8, 12, 16, 17, 22, 23, 24, 28]
876 [2, 3, 7, 10, 12, 30]
877 [3, 15, 16, 20, 21, 22, 23]
878 [2, 3, 14, 17, 24, 28, 32]
879 [3, 4, 6, 7, 12, 13, 14, 16, 17, 22, 24, 28, 32]
880 [5, 7, 11, 13, 16, 17, 22, 24, 25, 26]
881 [4, 5, 9, 10, 22, 24, 25, 28, 30, 32]
882 [4, 12, 23, 24, 26, 32]
883 [2, 10, 14, 17, 18, 21, 29, 30]
884 [1, 7, 12, 14, 17, 18, 21, 28, 29]
885 [5, 11, 16, 28, 30, 31]
886 [6, 7, 9, 12, 15, 19, 24, 27, 31]
887 [7, 19, 22]
888 [5, 9, 13, 14, 15, 16, 25, 31, 32]
889 [5, 7, 9, 10, 15, 20, 22, 27]
890 [6, 13, 15, 25, 27, 30]
891 [11, 24, 28]
892 [6, 25, 28]
893 [4, 14, 15, 31]
894 [1, 9, 10, 15, 22, 25, 26, 29, 30, 31]
895 [1, 8, 10, 13, 14, 15, 20, 22, 24, 26, 27]
896 [2, 8, 10, 14, 16, 18, 20, 24, 26, 30, 32]
897 [6, 18, 21, 24, 27, 29]
898 [8, 12, 16, 20, 24, 28]
899 [1, 3, 6, 19, 27, 28]
900 [3, 8, 12, 15, 16, 25, 29, 30, 32]
901 [2, 3, 8, 10, 23, 24]
902 [6, 12, 14, 15, 16, 18, 27, 28]
903 [3, 5, 6, 8, 12, 16, 20, 23]
904 [3, 10, 11, 15, 20, 26, 27]
905 [7, 11, 15, 22]
906 [9, 12, 13, 19, 23, 28, 29, 31]
907 [6, 7, 18, 19, 26, 29]
908 [1, 3, 6, 8, 12, 17, 25, 32]
909 [1, 2, 3, 22]
910 [1, 5, 6, 8, 10, 19, 30]
911 [3, 6, 13, 16, 17, 22, 30]
912 [10, 14, 16, 19, 29, 30, 31]
913 [5, 9, 13, 21, 26, 28, 31]
914 [5, 14, 17, 19, 21, 29, 30, 32]
915 [5, 8, 12, 15, 18, 19, 21, 24]
916 [7, 12, 14, 18, 20, 24, 26, 28]
917 [14, 15, 26, 28, 29, 30, 31]
918 [3, 15, 16, 19, 20, 30]
919 [3, 19, 20, 31]
920 [1, 5, 19, 20, 31]
921 [1, 2, 13, 15, 21, 26, 27, 31, 32]
922 [6, 10, 15, 22, 25]
923 [2, 7, 10, 12, 21, 24, 28, 29]
924 [10, 11, 14, 19]
925 [8, 11, 12, 19, 21, 23, 32]
926 [8, 19, 22, 26, 28, 32]
927 [2, 15, 21, 24, 28, 31, 32]
928 [9, 16, 21, 25, 27, 28]
929 [11, 12, 13, 15, 21, 27]
930 [2, 9, 12, 16, 19, 25, 28]
931 [4, 6, 8, 9, 15, 19, 20, 28, 29, 30]
932 [1, 15, 16, 19, 20, 22, 24, 29, 30]
933 [1, 2, 12, 15, 18, 29]
934 [1, 2, 3, 4, 16, 22, 25, 27, 28]
935 [1, 3, 5, 16, 18, 20, 25, 30]
936 [5, 8, 17, 18, 20, 23, 24, 27, 28]
937 [5, 12, 16, 18, 20, 21, 22, 24, 30]
938 [9, 12, 14, 18, 19]
939 [4, 10, 12, 14, 20, 25, 26, 29]
940 [3, 5, 6, 14, 19, 20, 25, 31, 32]
941 [3, 6, 19, 20]
942 [2, 3, 6, 19, 27, 32]
943 [6, 10, 14, 22, 24, 27]
944 [1, 4, 10, 18, 24, 29]
945 [7, 10, 13, 14, 15, 16, 22]
946 [12, 14, 16, 27, 31]
947 [7, 16, 18, 21, 24, 26, 29]
948 [2, 10, 18, 21, 24, 25]
949 [4, 11, 14, 23]
950 [1, 2, 5, 14, 18, 20, 21, 25, 27, 30]
951 [1, 4, 8, 10, 20, 21, 23, 26, 27]
952 [1, 5, 11, 17, 20, 24, 32]
953 [2, 13, 16, 17, 18, 21, 27, 29]
954 [5, 6, 15, 20, 21, 28, 29, 30]
955 [2, 14, 15, 21, 23]
956 [3, 10, 25, 26, 29, 30]
957 [2, 5, 8, 10, 13, 20, 23, 25, 26, 28, 32]
958 [1, 2, 3, 10, 15, 16, 18, 27, 31]
959 [2, 4, 5, 6, 7, 9, 17, 28]
960 [2, 3, 9, 17, 19, 21, 22, 24, 28, 30]
961 [1, 2, 3, 4, 6, 19, 22, 23, 24]
962 [3, 17, 18, 20, 23, 24, 30]
963 [2, 4, 5, 6, 7, 15, 19, 20, 21, 23, 26]
964 [2, 4, 11, 15, 16, 19, 26]
965 [5, 9, 15, 16, 21, 23, 28, 29, 30, 31]
966 [3, 8, 22, 23, 25, 26, 31]
967 [18, 19, 26, 28, 29, 30, 31]
968 [8, 12, 23, 25, 26, 27, 29, 31]
969 [2, 3, 5, 20, 27]
970 [2, 8, 12, 22, 25, 31]
971 [3, 5, 12, 13, 17, 20, 21]
972 [3, 4, 9, 18, 21, 24, 25, 26, 29, 31]
973 [7, 8, 9, 12, 25, 26]
974 [5, 7, 9, 11, 20, 21, 27, 32]
975 [1, 7, 12, 14, 17, 24, 26, 28, 32]
976 [6, 12, 18, 20, 21, 26, 28, 29, 31]
977 [5, 6, 20, 29]
978 [1, 7, 11, 26, 28, 29]
979 [2, 7, 11, 14, 18, 30]
980 [6, 7, 8, 12, 29, 32]
981 [7, 8, 9, 12, 23, 29]
982 [2, 4, 7, 14, 15, 24, 27, 29]
983 [2, 3, 4, 6, 7, 11, 14, 24, 26, 29]
984 [4, 11, 12, 15, 24, 26, 29, 32]
985 [7, 11, 13, 22]
986 [2, 9, 10, 18, 20, 22, 24, 28]
987 [4, 12, 30, 31]
988 [1, 4, 12, 16, 24]
989 [9, 12, 17, 24, 27, 29, 32]
990 [1, 3, 4, 10, 14, 17, 23, 24, 28]
991 [2, 4, 5, 13, 20, 24]
992 [1, 3, 4, 5, 6, 10, 11, 13, 25, 26, 27, 32]
993 [6, 8, 11, 13, 17, 29]
994 [2, 4, 7, 8, 13, 17]
995 [2, 5, 7]
996 [6, 7, 8, 9, 22, 23, 30, 32]
997 [2, 10, 11, 13, 14, 24, 25, 32]
998 [5, 10, 12, 23, 28]
999 [5, 8, 12, 13, 16, 17, 18, 19, 25, 28, 30]
1000 [3, 4, 16, 17, 24, 27]
1001 [2, 3, 5, 13, 15, 16, 18, 24, 28]
1002 [4, 7, 11, 12, 20, 28, 30, 31]
1003 [1, 8, 19, 24, 26, 29]
1004 [19, 20, 25, 27, 29]
1005 [7, 12, 14, 27, 28, 29, 31]
1006 [2, 5, 7, 8, 19, 21, 31]
1007 [4, 5, 7, 8, 12, 18, 24, 27, 28, 29]
1008 [1, 2, 3, 4, 7, 11, 21, 24, 26, 28]
1009 [8, 9, 13, 18, 30, 31]
1010 [2, 9, 10, 11, 18, 26, 28]
1011 [5, 8, 9, 18, 20, 26, 27, 32]
1012 [4, 5, 8, 9, 15, 19, 21, 22, 26, 27, 28, 29]
1013 [18, 21, 24, 32]
1014 [3, 10, 13, 18, 32]
1015 [5, 7, 10, 18, 22, 23, 26]
1016 [8, 14, 19, 21, 32]
1017 [1, 2, 5, 8, 14, 15, 18, 19, 20, 22, 29]
1018 [1, 2, 9, 11, 15]
1019 [2, 7, 9, 20, 28]
1020 [5, 11, 26, 28, 31, 32]
1021 [5, 6, 13, 16, 26, 28, 29]
1022 [9, 11, 13, 21, 31]
1023 [16, 17, 21, 24]
1024 [2, 5, 8, 9, 10, 24]
